#globch	roc	feb	febch	mapmt	pixel	xcoord	ycoord	xbin	ybin	trb	trbch
#--------------------------------------------------------------------------------------------
0	0	0	0	1	1	52.4375	220.438	7	31	0	0
1	0	0	1	1	5	27.9375	220.438	3	31	0	0
2	0	0	2	1	3	40.1875	220.438	5	31	0	0
3	0	0	3	1	7	15.6875	220.438	1	31	0	0
4	0	0	4	1	2	46.3125	220.438	6	31	0	0
5	0	0	5	1	6	21.8125	220.438	2	31	0	0
6	0	0	6	1	4	34.0625	220.438	4	31	0	0
7	0	0	7	1	8	9.5625	220.438	0	31	0	0
8	0	0	8	1	9	52.4375	214.312	7	30	0	0
9	0	0	9	1	13	27.9375	214.312	3	30	0	0
10	0	0	10	1	11	40.1875	214.312	5	30	0	0
11	0	0	11	1	15	15.6875	214.312	1	30	0	0
12	0	0	12	1	10	46.3125	214.312	6	30	0	0
13	0	0	13	1	14	21.8125	214.312	2	30	0	0
14	0	0	14	1	12	34.0625	214.312	4	30	0	0
15	0	0	15	1	16	9.5625	214.312	0	30	0	0
16	0	0	16	1	17	52.4375	208.188	7	29	0	0
17	0	0	17	1	21	27.9375	208.188	3	29	0	0
18	0	0	18	1	19	40.1875	208.188	5	29	0	0
19	0	0	19	1	23	15.6875	208.188	1	29	0	0
20	0	0	20	1	18	46.3125	208.188	6	29	0	0
21	0	0	21	1	22	21.8125	208.188	2	29	0	0
22	0	0	22	1	20	34.0625	208.188	4	29	0	0
23	0	0	23	1	24	9.5625	208.188	0	29	0	0
24	0	0	24	1	25	52.4375	202.062	7	28	0	0
25	0	0	25	1	29	27.9375	202.062	3	28	0	0
26	0	0	26	1	27	40.1875	202.062	5	28	0	0
27	0	0	27	1	31	15.6875	202.062	1	28	0	0
28	0	0	28	1	26	46.3125	202.062	6	28	0	0
29	0	0	29	1	30	21.8125	202.062	2	28	0	0
30	0	0	30	1	28	34.0625	202.062	4	28	0	0
31	0	0	31	1	32	9.5625	202.062	0	28	0	0
32	0	0	32	1	33	52.4375	195.938	7	27	0	0
33	0	0	33	1	37	27.9375	195.938	3	27	0	0
34	0	0	34	1	35	40.1875	195.938	5	27	0	0
35	0	0	35	1	39	15.6875	195.938	1	27	0	0
36	0	0	36	1	34	46.3125	195.938	6	27	0	0
37	0	0	37	1	38	21.8125	195.938	2	27	0	0
38	0	0	38	1	36	34.0625	195.938	4	27	0	0
39	0	0	39	1	40	9.5625	195.938	0	27	0	0
40	0	0	40	1	41	52.4375	189.812	7	26	0	0
41	0	0	41	1	45	27.9375	189.812	3	26	0	0
42	0	0	42	1	43	40.1875	189.812	5	26	0	0
43	0	0	43	1	47	15.6875	189.812	1	26	0	0
44	0	0	44	1	42	46.3125	189.812	6	26	0	0
45	0	0	45	1	46	21.8125	189.812	2	26	0	0
46	0	0	46	1	44	34.0625	189.812	4	26	0	0
47	0	0	47	1	48	9.5625	189.812	0	26	0	0
48	0	0	48	1	49	52.4375	183.688	7	25	0	0
49	0	0	49	1	53	27.9375	183.688	3	25	0	0
50	0	0	50	1	51	40.1875	183.688	5	25	0	0
51	0	0	51	1	55	15.6875	183.688	1	25	0	0
52	0	0	52	1	50	46.3125	183.688	6	25	0	0
53	0	0	53	1	54	21.8125	183.688	2	25	0	0
54	0	0	54	1	52	34.0625	183.688	4	25	0	0
55	0	0	55	1	56	9.5625	183.688	0	25	0	0
56	0	0	56	1	57	52.4375	177.562	7	24	0	0
57	0	0	57	1	61	27.9375	177.562	3	24	0	0
58	0	0	58	1	59	40.1875	177.562	5	24	0	0
59	0	0	59	1	63	15.6875	177.562	1	24	0	0
60	0	0	60	1	58	46.3125	177.562	6	24	0	0
61	0	0	61	1	62	21.8125	177.562	2	24	0	0
62	0	0	62	1	60	34.0625	177.562	4	24	0	0
63	0	0	63	1	64	9.5625	177.562	0	24	0	0
64	0	0	64	2	1	52.4375	166.438	7	23	0	0
65	0	0	65	2	5	27.9375	166.438	3	23	0	0
66	0	0	66	2	3	40.1875	166.438	5	23	0	0
67	0	0	67	2	7	15.6875	166.438	1	23	0	0
68	0	0	68	2	2	46.3125	166.438	6	23	0	0
69	0	0	69	2	6	21.8125	166.438	2	23	0	0
70	0	0	70	2	4	34.0625	166.438	4	23	0	0
71	0	0	71	2	8	9.5625	166.438	0	23	0	0
72	0	0	72	2	9	52.4375	160.312	7	22	0	0
73	0	0	73	2	13	27.9375	160.312	3	22	0	0
74	0	0	74	2	11	40.1875	160.312	5	22	0	0
75	0	0	75	2	15	15.6875	160.312	1	22	0	0
76	0	0	76	2	10	46.3125	160.312	6	22	0	0
77	0	0	77	2	14	21.8125	160.312	2	22	0	0
78	0	0	78	2	12	34.0625	160.312	4	22	0	0
79	0	0	79	2	16	9.5625	160.312	0	22	0	0
80	0	0	80	2	17	52.4375	154.188	7	21	0	0
81	0	0	81	2	21	27.9375	154.188	3	21	0	0
82	0	0	82	2	19	40.1875	154.188	5	21	0	0
83	0	0	83	2	23	15.6875	154.188	1	21	0	0
84	0	0	84	2	18	46.3125	154.188	6	21	0	0
85	0	0	85	2	22	21.8125	154.188	2	21	0	0
86	0	0	86	2	20	34.0625	154.188	4	21	0	0
87	0	0	87	2	24	9.5625	154.188	0	21	0	0
88	0	0	88	2	25	52.4375	148.062	7	20	0	0
89	0	0	89	2	29	27.9375	148.062	3	20	0	0
90	0	0	90	2	27	40.1875	148.062	5	20	0	0
91	0	0	91	2	31	15.6875	148.062	1	20	0	0
92	0	0	92	2	26	46.3125	148.062	6	20	0	0
93	0	0	93	2	30	21.8125	148.062	2	20	0	0
94	0	0	94	2	28	34.0625	148.062	4	20	0	0
95	0	0	95	2	32	9.5625	148.062	0	20	0	0
96	0	0	96	2	33	52.4375	141.938	7	19	0	0
97	0	0	97	2	37	27.9375	141.938	3	19	0	0
98	0	0	98	2	35	40.1875	141.938	5	19	0	0
99	0	0	99	2	39	15.6875	141.938	1	19	0	0
100	0	0	100	2	34	46.3125	141.938	6	19	0	0
101	0	0	101	2	38	21.8125	141.938	2	19	0	0
102	0	0	102	2	36	34.0625	141.938	4	19	0	0
103	0	0	103	2	40	9.5625	141.938	0	19	0	0
104	0	0	104	2	41	52.4375	135.812	7	18	0	0
105	0	0	105	2	45	27.9375	135.812	3	18	0	0
106	0	0	106	2	43	40.1875	135.812	5	18	0	0
107	0	0	107	2	47	15.6875	135.812	1	18	0	0
108	0	0	108	2	42	46.3125	135.812	6	18	0	0
109	0	0	109	2	46	21.8125	135.812	2	18	0	0
110	0	0	110	2	44	34.0625	135.812	4	18	0	0
111	0	0	111	2	48	9.5625	135.812	0	18	0	0
112	0	0	112	2	49	52.4375	129.688	7	17	0	0
113	0	0	113	2	53	27.9375	129.688	3	17	0	0
114	0	0	114	2	51	40.1875	129.688	5	17	0	0
115	0	0	115	2	55	15.6875	129.688	1	17	0	0
116	0	0	116	2	50	46.3125	129.688	6	17	0	0
117	0	0	117	2	54	21.8125	129.688	2	17	0	0
118	0	0	118	2	52	34.0625	129.688	4	17	0	0
119	0	0	119	2	56	9.5625	129.688	0	17	0	0
120	0	0	120	2	57	52.4375	123.562	7	16	0	0
121	0	0	121	2	61	27.9375	123.562	3	16	0	0
122	0	0	122	2	59	40.1875	123.562	5	16	0	0
123	0	0	123	2	63	15.6875	123.562	1	16	0	0
124	0	0	124	2	58	46.3125	123.562	6	16	0	0
125	0	0	125	2	62	21.8125	123.562	2	16	0	0
126	0	0	126	2	60	34.0625	123.562	4	16	0	0
127	0	0	127	2	64	9.5625	123.562	0	16	0	0
128	0	2	0	3	1	52.4375	112.438	7	15	0	0
129	0	2	1	3	5	27.9375	112.438	3	15	0	0
130	0	2	2	3	3	40.1875	112.438	5	15	0	0
131	0	2	3	3	7	15.6875	112.438	1	15	0	0
132	0	2	4	3	2	46.3125	112.438	6	15	0	0
133	0	2	5	3	6	21.8125	112.438	2	15	0	0
134	0	2	6	3	4	34.0625	112.438	4	15	0	0
135	0	2	7	3	8	9.5625	112.438	0	15	0	0
136	0	2	8	3	9	52.4375	106.312	7	14	0	0
137	0	2	9	3	13	27.9375	106.312	3	14	0	0
138	0	2	10	3	11	40.1875	106.312	5	14	0	0
139	0	2	11	3	15	15.6875	106.312	1	14	0	0
140	0	2	12	3	10	46.3125	106.312	6	14	0	0
141	0	2	13	3	14	21.8125	106.312	2	14	0	0
142	0	2	14	3	12	34.0625	106.312	4	14	0	0
143	0	2	15	3	16	9.5625	106.312	0	14	0	0
144	0	2	16	3	17	52.4375	100.188	7	13	0	0
145	0	2	17	3	21	27.9375	100.188	3	13	0	0
146	0	2	18	3	19	40.1875	100.188	5	13	0	0
147	0	2	19	3	23	15.6875	100.188	1	13	0	0
148	0	2	20	3	18	46.3125	100.188	6	13	0	0
149	0	2	21	3	22	21.8125	100.188	2	13	0	0
150	0	2	22	3	20	34.0625	100.188	4	13	0	0
151	0	2	23	3	24	9.5625	100.188	0	13	0	0
152	0	2	24	3	25	52.4375	94.0625	7	12	0	0
153	0	2	25	3	29	27.9375	94.0625	3	12	0	0
154	0	2	26	3	27	40.1875	94.0625	5	12	0	0
155	0	2	27	3	31	15.6875	94.0625	1	12	0	0
156	0	2	28	3	26	46.3125	94.0625	6	12	0	0
157	0	2	29	3	30	21.8125	94.0625	2	12	0	0
158	0	2	30	3	28	34.0625	94.0625	4	12	0	0
159	0	2	31	3	32	9.5625	94.0625	0	12	0	0
160	0	2	32	3	33	52.4375	87.9375	7	11	0	0
161	0	2	33	3	37	27.9375	87.9375	3	11	0	0
162	0	2	34	3	35	40.1875	87.9375	5	11	0	0
163	0	2	35	3	39	15.6875	87.9375	1	11	0	0
164	0	2	36	3	34	46.3125	87.9375	6	11	0	0
165	0	2	37	3	38	21.8125	87.9375	2	11	0	0
166	0	2	38	3	36	34.0625	87.9375	4	11	0	0
167	0	2	39	3	40	9.5625	87.9375	0	11	0	0
168	0	2	40	3	41	52.4375	81.8125	7	10	0	0
169	0	2	41	3	45	27.9375	81.8125	3	10	0	0
170	0	2	42	3	43	40.1875	81.8125	5	10	0	0
171	0	2	43	3	47	15.6875	81.8125	1	10	0	0
172	0	2	44	3	42	46.3125	81.8125	6	10	0	0
173	0	2	45	3	46	21.8125	81.8125	2	10	0	0
174	0	2	46	3	44	34.0625	81.8125	4	10	0	0
175	0	2	47	3	48	9.5625	81.8125	0	10	0	0
176	0	2	48	3	49	52.4375	75.6875	7	9	0	0
177	0	2	49	3	53	27.9375	75.6875	3	9	0	0
178	0	2	50	3	51	40.1875	75.6875	5	9	0	0
179	0	2	51	3	55	15.6875	75.6875	1	9	0	0
180	0	2	52	3	50	46.3125	75.6875	6	9	0	0
181	0	2	53	3	54	21.8125	75.6875	2	9	0	0
182	0	2	54	3	52	34.0625	75.6875	4	9	0	0
183	0	2	55	3	56	9.5625	75.6875	0	9	0	0
184	0	2	56	3	57	52.4375	69.5625	7	8	0	0
185	0	2	57	3	61	27.9375	69.5625	3	8	0	0
186	0	2	58	3	59	40.1875	69.5625	5	8	0	0
187	0	2	59	3	63	15.6875	69.5625	1	8	0	0
188	0	2	60	3	58	46.3125	69.5625	6	8	0	0
189	0	2	61	3	62	21.8125	69.5625	2	8	0	0
190	0	2	62	3	60	34.0625	69.5625	4	8	0	0
191	0	2	63	3	64	9.5625	69.5625	0	8	0	0
192	0	2	64	4	1	52.4375	58.4375	7	7	0	0
193	0	2	65	4	5	27.9375	58.4375	3	7	0	0
194	0	2	66	4	3	40.1875	58.4375	5	7	0	0
195	0	2	67	4	7	15.6875	58.4375	1	7	0	0
196	0	2	68	4	2	46.3125	58.4375	6	7	0	0
197	0	2	69	4	6	21.8125	58.4375	2	7	0	0
198	0	2	70	4	4	34.0625	58.4375	4	7	0	0
199	0	2	71	4	8	9.5625	58.4375	0	7	0	0
200	0	2	72	4	9	52.4375	52.3125	7	6	0	0
201	0	2	73	4	13	27.9375	52.3125	3	6	0	0
202	0	2	74	4	11	40.1875	52.3125	5	6	0	0
203	0	2	75	4	15	15.6875	52.3125	1	6	0	0
204	0	2	76	4	10	46.3125	52.3125	6	6	0	0
205	0	2	77	4	14	21.8125	52.3125	2	6	0	0
206	0	2	78	4	12	34.0625	52.3125	4	6	0	0
207	0	2	79	4	16	9.5625	52.3125	0	6	0	0
208	0	2	80	4	17	52.4375	46.1875	7	5	0	0
209	0	2	81	4	21	27.9375	46.1875	3	5	0	0
210	0	2	82	4	19	40.1875	46.1875	5	5	0	0
211	0	2	83	4	23	15.6875	46.1875	1	5	0	0
212	0	2	84	4	18	46.3125	46.1875	6	5	0	0
213	0	2	85	4	22	21.8125	46.1875	2	5	0	0
214	0	2	86	4	20	34.0625	46.1875	4	5	0	0
215	0	2	87	4	24	9.5625	46.1875	0	5	0	0
216	0	2	88	4	25	52.4375	40.0625	7	4	0	0
217	0	2	89	4	29	27.9375	40.0625	3	4	0	0
218	0	2	90	4	27	40.1875	40.0625	5	4	0	0
219	0	2	91	4	31	15.6875	40.0625	1	4	0	0
220	0	2	92	4	26	46.3125	40.0625	6	4	0	0
221	0	2	93	4	30	21.8125	40.0625	2	4	0	0
222	0	2	94	4	28	34.0625	40.0625	4	4	0	0
223	0	2	95	4	32	9.5625	40.0625	0	4	0	0
224	0	2	96	4	33	52.4375	33.9375	7	3	0	0
225	0	2	97	4	37	27.9375	33.9375	3	3	0	0
226	0	2	98	4	35	40.1875	33.9375	5	3	0	0
227	0	2	99	4	39	15.6875	33.9375	1	3	0	0
228	0	2	100	4	34	46.3125	33.9375	6	3	0	0
229	0	2	101	4	38	21.8125	33.9375	2	3	0	0
230	0	2	102	4	36	34.0625	33.9375	4	3	0	0
231	0	2	103	4	40	9.5625	33.9375	0	3	0	0
232	0	2	104	4	41	52.4375	27.8125	7	2	0	0
233	0	2	105	4	45	27.9375	27.8125	3	2	0	0
234	0	2	106	4	43	40.1875	27.8125	5	2	0	0
235	0	2	107	4	47	15.6875	27.8125	1	2	0	0
236	0	2	108	4	42	46.3125	27.8125	6	2	0	0
237	0	2	109	4	46	21.8125	27.8125	2	2	0	0
238	0	2	110	4	44	34.0625	27.8125	4	2	0	0
239	0	2	111	4	48	9.5625	27.8125	0	2	0	0
240	0	2	112	4	49	52.4375	21.6875	7	1	0	0
241	0	2	113	4	53	27.9375	21.6875	3	1	0	0
242	0	2	114	4	51	40.1875	21.6875	5	1	0	0
243	0	2	115	4	55	15.6875	21.6875	1	1	0	0
244	0	2	116	4	50	46.3125	21.6875	6	1	0	0
245	0	2	117	4	54	21.8125	21.6875	2	1	0	0
246	0	2	118	4	52	34.0625	21.6875	4	1	0	0
247	0	2	119	4	56	9.5625	21.6875	0	1	0	0
248	0	2	120	4	57	52.4375	15.5625	7	0	0	0
249	0	2	121	4	61	27.9375	15.5625	3	0	0	0
250	0	2	122	4	59	40.1875	15.5625	5	0	0	0
251	0	2	123	4	63	15.6875	15.5625	1	0	0	0
252	0	2	124	4	58	46.3125	15.5625	6	0	0	0
253	0	2	125	4	62	21.8125	15.5625	2	0	0	0
254	0	2	126	4	60	34.0625	15.5625	4	0	0	0
255	0	2	127	4	64	9.5625	15.5625	0	0	0	0
256	1	0	0	5	1	106.438	220.438	15	31	0	0
257	1	0	1	5	5	81.9375	220.438	11	31	0	0
258	1	0	2	5	3	94.1875	220.438	13	31	0	0
259	1	0	3	5	7	69.6875	220.438	9	31	0	0
260	1	0	4	5	2	100.312	220.438	14	31	0	0
261	1	0	5	5	6	75.8125	220.438	10	31	0	0
262	1	0	6	5	4	88.0625	220.438	12	31	0	0
263	1	0	7	5	8	63.5625	220.438	8	31	0	0
264	1	0	8	5	9	106.438	214.312	15	30	0	0
265	1	0	9	5	13	81.9375	214.312	11	30	0	0
266	1	0	10	5	11	94.1875	214.312	13	30	0	0
267	1	0	11	5	15	69.6875	214.312	9	30	0	0
268	1	0	12	5	10	100.312	214.312	14	30	0	0
269	1	0	13	5	14	75.8125	214.312	10	30	0	0
270	1	0	14	5	12	88.0625	214.312	12	30	0	0
271	1	0	15	5	16	63.5625	214.312	8	30	0	0
272	1	0	16	5	17	106.438	208.188	15	29	0	0
273	1	0	17	5	21	81.9375	208.188	11	29	0	0
274	1	0	18	5	19	94.1875	208.188	13	29	0	0
275	1	0	19	5	23	69.6875	208.188	9	29	0	0
276	1	0	20	5	18	100.312	208.188	14	29	0	0
277	1	0	21	5	22	75.8125	208.188	10	29	0	0
278	1	0	22	5	20	88.0625	208.188	12	29	0	0
279	1	0	23	5	24	63.5625	208.188	8	29	0	0
280	1	0	24	5	25	106.438	202.062	15	28	0	0
281	1	0	25	5	29	81.9375	202.062	11	28	0	0
282	1	0	26	5	27	94.1875	202.062	13	28	0	0
283	1	0	27	5	31	69.6875	202.062	9	28	0	0
284	1	0	28	5	26	100.312	202.062	14	28	0	0
285	1	0	29	5	30	75.8125	202.062	10	28	0	0
286	1	0	30	5	28	88.0625	202.062	12	28	0	0
287	1	0	31	5	32	63.5625	202.062	8	28	0	0
288	1	0	32	5	33	106.438	195.938	15	27	0	0
289	1	0	33	5	37	81.9375	195.938	11	27	0	0
290	1	0	34	5	35	94.1875	195.938	13	27	0	0
291	1	0	35	5	39	69.6875	195.938	9	27	0	0
292	1	0	36	5	34	100.312	195.938	14	27	0	0
293	1	0	37	5	38	75.8125	195.938	10	27	0	0
294	1	0	38	5	36	88.0625	195.938	12	27	0	0
295	1	0	39	5	40	63.5625	195.938	8	27	0	0
296	1	0	40	5	41	106.438	189.812	15	26	0	0
297	1	0	41	5	45	81.9375	189.812	11	26	0	0
298	1	0	42	5	43	94.1875	189.812	13	26	0	0
299	1	0	43	5	47	69.6875	189.812	9	26	0	0
300	1	0	44	5	42	100.312	189.812	14	26	0	0
301	1	0	45	5	46	75.8125	189.812	10	26	0	0
302	1	0	46	5	44	88.0625	189.812	12	26	0	0
303	1	0	47	5	48	63.5625	189.812	8	26	0	0
304	1	0	48	5	49	106.438	183.688	15	25	0	0
305	1	0	49	5	53	81.9375	183.688	11	25	0	0
306	1	0	50	5	51	94.1875	183.688	13	25	0	0
307	1	0	51	5	55	69.6875	183.688	9	25	0	0
308	1	0	52	5	50	100.312	183.688	14	25	0	0
309	1	0	53	5	54	75.8125	183.688	10	25	0	0
310	1	0	54	5	52	88.0625	183.688	12	25	0	0
311	1	0	55	5	56	63.5625	183.688	8	25	0	0
312	1	0	56	5	57	106.438	177.562	15	24	0	0
313	1	0	57	5	61	81.9375	177.562	11	24	0	0
314	1	0	58	5	59	94.1875	177.562	13	24	0	0
315	1	0	59	5	63	69.6875	177.562	9	24	0	0
316	1	0	60	5	58	100.312	177.562	14	24	0	0
317	1	0	61	5	62	75.8125	177.562	10	24	0	0
318	1	0	62	5	60	88.0625	177.562	12	24	0	0
319	1	0	63	5	64	63.5625	177.562	8	24	0	0
320	1	0	64	6	1	106.438	166.438	15	23	0	0
321	1	0	65	6	5	81.9375	166.438	11	23	0	0
322	1	0	66	6	3	94.1875	166.438	13	23	0	0
323	1	0	67	6	7	69.6875	166.438	9	23	0	0
324	1	0	68	6	2	100.312	166.438	14	23	0	0
325	1	0	69	6	6	75.8125	166.438	10	23	0	0
326	1	0	70	6	4	88.0625	166.438	12	23	0	0
327	1	0	71	6	8	63.5625	166.438	8	23	0	0
328	1	0	72	6	9	106.438	160.312	15	22	0	0
329	1	0	73	6	13	81.9375	160.312	11	22	0	0
330	1	0	74	6	11	94.1875	160.312	13	22	0	0
331	1	0	75	6	15	69.6875	160.312	9	22	0	0
332	1	0	76	6	10	100.312	160.312	14	22	0	0
333	1	0	77	6	14	75.8125	160.312	10	22	0	0
334	1	0	78	6	12	88.0625	160.312	12	22	0	0
335	1	0	79	6	16	63.5625	160.312	8	22	0	0
336	1	0	80	6	17	106.438	154.188	15	21	0	0
337	1	0	81	6	21	81.9375	154.188	11	21	0	0
338	1	0	82	6	19	94.1875	154.188	13	21	0	0
339	1	0	83	6	23	69.6875	154.188	9	21	0	0
340	1	0	84	6	18	100.312	154.188	14	21	0	0
341	1	0	85	6	22	75.8125	154.188	10	21	0	0
342	1	0	86	6	20	88.0625	154.188	12	21	0	0
343	1	0	87	6	24	63.5625	154.188	8	21	0	0
344	1	0	88	6	25	106.438	148.062	15	20	0	0
345	1	0	89	6	29	81.9375	148.062	11	20	0	0
346	1	0	90	6	27	94.1875	148.062	13	20	0	0
347	1	0	91	6	31	69.6875	148.062	9	20	0	0
348	1	0	92	6	26	100.312	148.062	14	20	0	0
349	1	0	93	6	30	75.8125	148.062	10	20	0	0
350	1	0	94	6	28	88.0625	148.062	12	20	0	0
351	1	0	95	6	32	63.5625	148.062	8	20	0	0
352	1	0	96	6	33	106.438	141.938	15	19	0	0
353	1	0	97	6	37	81.9375	141.938	11	19	0	0
354	1	0	98	6	35	94.1875	141.938	13	19	0	0
355	1	0	99	6	39	69.6875	141.938	9	19	0	0
356	1	0	100	6	34	100.312	141.938	14	19	0	0
357	1	0	101	6	38	75.8125	141.938	10	19	0	0
358	1	0	102	6	36	88.0625	141.938	12	19	0	0
359	1	0	103	6	40	63.5625	141.938	8	19	0	0
360	1	0	104	6	41	106.438	135.812	15	18	0	0
361	1	0	105	6	45	81.9375	135.812	11	18	0	0
362	1	0	106	6	43	94.1875	135.812	13	18	0	0
363	1	0	107	6	47	69.6875	135.812	9	18	0	0
364	1	0	108	6	42	100.312	135.812	14	18	0	0
365	1	0	109	6	46	75.8125	135.812	10	18	0	0
366	1	0	110	6	44	88.0625	135.812	12	18	0	0
367	1	0	111	6	48	63.5625	135.812	8	18	0	0
368	1	0	112	6	49	106.438	129.688	15	17	0	0
369	1	0	113	6	53	81.9375	129.688	11	17	0	0
370	1	0	114	6	51	94.1875	129.688	13	17	0	0
371	1	0	115	6	55	69.6875	129.688	9	17	0	0
372	1	0	116	6	50	100.312	129.688	14	17	0	0
373	1	0	117	6	54	75.8125	129.688	10	17	0	0
374	1	0	118	6	52	88.0625	129.688	12	17	0	0
375	1	0	119	6	56	63.5625	129.688	8	17	0	0
376	1	0	120	6	57	106.438	123.562	15	16	0	0
377	1	0	121	6	61	81.9375	123.562	11	16	0	0
378	1	0	122	6	59	94.1875	123.562	13	16	0	0
379	1	0	123	6	63	69.6875	123.562	9	16	0	0
380	1	0	124	6	58	100.312	123.562	14	16	0	0
381	1	0	125	6	62	75.8125	123.562	10	16	0	0
382	1	0	126	6	60	88.0625	123.562	12	16	0	0
383	1	0	127	6	64	63.5625	123.562	8	16	0	0
384	1	2	0	7	1	106.438	112.438	15	15	1	0
385	1	2	1	7	5	81.9375	112.438	11	15	1	0
386	1	2	2	7	3	94.1875	112.438	13	15	1	0
387	1	2	3	7	7	69.6875	112.438	9	15	1	0
388	1	2	4	7	2	100.312	112.438	14	15	1	0
389	1	2	5	7	6	75.8125	112.438	10	15	1	0
390	1	2	6	7	4	88.0625	112.438	12	15	1	0
391	1	2	7	7	8	63.5625	112.438	8	15	1	0
392	1	2	8	7	9	106.438	106.312	15	14	1	0
393	1	2	9	7	13	81.9375	106.312	11	14	1	0
394	1	2	10	7	11	94.1875	106.312	13	14	1	0
395	1	2	11	7	15	69.6875	106.312	9	14	1	0
396	1	2	12	7	10	100.312	106.312	14	14	1	0
397	1	2	13	7	14	75.8125	106.312	10	14	1 	0
398	1	2	14	7	12	88.0625	106.312	12	14	1 	0
399	1	2	15	7	16	63.5625	106.312	8	14	1	0
400	1	2	16	7	17	106.438	100.188	15	13	1	0
401	1	2	17	7	21	81.9375	100.188	11	13	1	0
402	1	2	18	7	19	94.1875	100.188	13	13	1	0
403	1	2	19	7	23	69.6875	100.188	9	13	1	0
404	1	2	20	7	18	100.312	100.188	14	13	1	0
405	1	2	21	7	22	75.8125	100.188	10	13	1	0
406	1	2	22	7	20	88.0625	100.188	12	13	1	0
407	1	2	23	7	24	63.5625	100.188	8	13	1	0
408	1	2	24	7	25	106.438	94.0625	15	12	1	0
409	1	2	25	7	29	81.9375	94.0625	11	12	1	0
410	1	2	26	7	27	94.1875	94.0625	13	12	1	0
411	1	2	27	7	31	69.6875	94.0625	9	12	1	0
412	1	2	28	7	26	100.312	94.0625	14	12	1	0
413	1	2	29	7	30	75.8125	94.0625	10	12	1	0
414	1	2	30	7	28	88.0625	94.0625	12	12	1	0
415	1	2	31	7	32	63.5625	94.0625	8	12	1	0
416	1	2	32	7	33	106.438	87.9375	15	11	1	0
417	1	2	33	7	37	81.9375	87.9375	11	11	1	0
418	1	2	34	7	35	94.1875	87.9375	13	11	1	0
419	1	2	35	7	39	69.6875	87.9375	9	11	1	0
420	1	2	36	7	34	100.312	87.9375	14	11	1	0
421	1	2	37	7	38	75.8125	87.9375	10	11	1	0
422	1	2	38	7	36	88.0625	87.9375	12	11	1	0
423	1	2	39	7	40	63.5625	87.9375	8	11	1	0
424	1	2	40	7	41	106.438	81.8125	15	10	1	0
425	1	2	41	7	45	81.9375	81.8125	11	10	1	0
426	1	2	42	7	43	94.1875	81.8125	13	10	1	0
427	1	2	43	7	47	69.6875	81.8125	9	10	1	0
428	1	2	44	7	42	100.312	81.8125	14	10	1	0
429	1	2	45	7	46	75.8125	81.8125	10	10	1	0
430	1	2	46	7	44	88.0625	81.8125	12	10	1	0
431	1	2	47	7	48	63.5625	81.8125	8	10	1	0
432	1	2	48	7	49	106.438	75.6875	15	9	1	0
433	1	2	49	7	53	81.9375	75.6875	11	9	1	0
434	1	2	50	7	51	94.1875	75.6875	13	9	1	0
435	1	2	51	7	55	69.6875	75.6875	9	9	1	0
436	1	2	52	7	50	100.312	75.6875	14	9	1	0
437	1	2	53	7	54	75.8125	75.6875	10	9	1	0
438	1	2	54	7	52	88.0625	75.6875	12	9	1	0
439	1	2	55	7	56	63.5625	75.6875	8	9	1	0
440	1	2	56	7	57	106.438	69.5625	15	8	1	0
441	1	2	57	7	61	81.9375	69.5625	11	8	1	0
442	1	2	58	7	59	94.1875	69.5625	13	8	1	0
443	1	2	59	7	63	69.6875	69.5625	9	8	1	0
444	1	2	60	7	58	100.312	69.5625	14	8	1	0
445	1	2	61	7	62	75.8125	69.5625	10	8	1	0
446	1	2	62	7	60	88.0625	69.5625	12	8	1	0
447	1	2	63	7	64	63.5625	69.5625	8	8	1	0
448	1	2	64	8	1	106.438	58.4375	15	7	7	0
449	1	2	65	8	5	81.9375	58.4375	11	7	7	0
450	1	2	66	8	3	94.1875	58.4375	13	7	7	0
451	1	2	67	8	7	69.6875	58.4375	9	7	7	0
452	1	2	68	8	2	100.312	58.4375	14	7	7	0
453	1	2	69	8	6	75.8125	58.4375	10	7	7	0
454	1	2	70	8	4	88.0625	58.4375	12	7	7	0
455	1	2	71	8	8	63.5625	58.4375	8	7	7	0
456	1	2	72	8	9	106.438	52.3125	15	6	7	0
457	1	2	73	8	13	81.9375	52.3125	11	6	7	0
458	1	2	74	8	11	94.1875	52.3125	13	6	7	0
459	1	2	75	8	15	69.6875	52.3125	9	6	7	0
460	1	2	76	8	10	100.312	52.3125	14	6	7	0
461	1	2	77	8	14	75.8125	52.3125	10	6	7	0
462	1	2	78	8	12	88.0625	52.3125	12	6	7	0
463	1	2	79	8	16	63.5625	52.3125	8	6	7	0
464	1	2	80	8	17	106.438	46.1875	15	5	7	0
465	1	2	81	8	21	81.9375	46.1875	11	5	7	0
466	1	2	82	8	19	94.1875	46.1875	13	5	7	0
467	1	2	83	8	23	69.6875	46.1875	9	5	7	0
468	1	2	84	8	18	100.312	46.1875	14	5	7	0
469	1	2	85	8	22	75.8125	46.1875	10	5	7	0
470	1	2	86	8	20	88.0625	46.1875	12	5	7	0
471	1	2	87	8	24	63.5625	46.1875	8	5	7	0
472	1	2	88	8	25	106.438	40.0625	15	4	7	0
473	1	2	89	8	29	81.9375	40.0625	11	4	7	0
474	1	2	90	8	27	94.1875	40.0625	13	4	7	0
475	1	2	91	8	31	69.6875	40.0625	9	4	7	0
476	1	2	92	8	26	100.312	40.0625	14	4	7	0
477	1	2	93	8	30	75.8125	40.0625	10	4	7	0
478	1	2	94	8	28	88.0625	40.0625	12	4	7	0
479	1	2	95	8	32	63.5625	40.0625	8	4	7	0
480	1	2	96	8	33	106.438	33.9375	15	3	7	0
481	1	2	97	8	37	81.9375	33.9375	11	3	7	0
482	1	2	98	8	35	94.1875	33.9375	13	3	7	0
483	1	2	99	8	39	69.6875	33.9375	9	3	7	0
484	1	2	100	8	34	100.312	33.9375	14	3	7	0
485	1	2	101	8	38	75.8125	33.9375	10	3	7	0
486	1	2	102	8	36	88.0625	33.9375	12	3	7	0
487	1	2	103	8	40	63.5625	33.9375	8	3	7	0
488	1	2	104	8	41	106.438	27.8125	15	2	7	0
489	1	2	105	8	45	81.9375	27.8125	11	2	7	0
490	1	2	106	8	43	94.1875	27.8125	13	2	7	0
491	1	2	107	8	47	69.6875	27.8125	9	2	7	0
492	1	2	108	8	42	100.312	27.8125	14	2	7	0
493	1	2	109	8	46	75.8125	27.8125	10	2	7	0
494	1	2	110	8	44	88.0625	27.8125	12	2	7	0
495	1	2	111	8	48	63.5625	27.8125	8	2	7	0
496	1	2	112	8	49	106.438	21.6875	15	1	7	0
497	1	2	113	8	53	81.9375	21.6875	11	1	7	0
498	1	2	114	8	51	94.1875	21.6875	13	1	7	0
499	1	2	115	8	55	69.6875	21.6875	9	1	7	0
500	1	2	116	8	50	100.312	21.6875	14	1	7	0
501	1	2	117	8	54	75.8125	21.6875	10	1	7	0
502	1	2	118	8	52	88.0625	21.6875	12	1	7	0
503	1	2	119	8	56	63.5625	21.6875	8	1	7	0
504	1	2	120	8	57	106.438	15.5625	15	0	7	0
505	1	2	121	8	61	81.9375	15.5625	11	0	7	0
506	1	2	122	8	59	94.1875	15.5625	13	0	7	0
507	1	2	123	8	63	69.6875	15.5625	9	0	7	0
508	1	2	124	8	58	100.312	15.5625	14	0	7	0
509	1	2	125	8	62	75.8125	15.5625	10	0	7	0
510	1	2	126	8	60	88.0625	15.5625	12	0	7	0
511	1	2	127	8	64	63.5625	15.5625	8	0	7	0
512	2	0	0	9	1	160.438	220.438	23	31	0       0
513	2	0	1	9	5	135.938	220.438	19	31	0       0
514	2	0	2	9	3	148.188	220.438	21	31	0       0 
515	2	0	3	9	7	123.688	220.438	17	31	0       0
516	2	0	4	9	2	154.312	220.438	22	31	0       0
517	2	0	5	9	6	129.812	220.438	18	31	0       0
518	2	0	6	9	4	142.062	220.438	20	31	0       0
519	2	0	7	9	8	117.562	220.438	16	31	0       0
520	2	0	8	9	9	160.438	214.312	23	30	0       0
521	2	0	9	9	13	135.938	214.312	19	30	0       0
522	2	0	10	9	11	148.188	214.312	21	30	0       0
523	2	0	11	9	15	123.688	214.312	17	30	0       0
524	2	0	12	9	10	154.312	214.312	22	30	0       0
525	2	0	13	9	14	129.812	214.312	18	30	0       0
526	2	0	14	9	12	142.062	214.312	20	30	0       0
527	2	0	15	9	16	117.562	214.312	16	30	0       0
528	2	0	16	9	17	160.438	208.188	23	29	0       0
529	2	0	17	9	21	135.938	208.188	19	29	0       0
530	2	0	18	9	19	148.188	208.188	21	29	0       0
531	2	0	19	9	23	123.688	208.188	17	29	0       0
532	2	0	20	9	18	154.312	208.188	22	29	0       0
533	2	0	21	9	22	129.812	208.188	18	29	0       0
534	2	0	22	9	20	142.062	208.188	20	29	0       0
535	2	0	23	9	24	117.562	208.188	16	29	0       0
536	2	0	24	9	25	160.438	202.062	23	28	0       0
537	2	0	25	9	29	135.938	202.062	19	28	0       0
538	2	0	26	9	27	148.188	202.062	21	28	0       0
539	2	0	27	9	31	123.688	202.062	17	28	0       0
540	2	0	28	9	26	154.312	202.062	22	28	0       0
541	2	0	29	9	30	129.812	202.062	18	28	0       0
542	2	0	30	9	28	142.062	202.062	20	28	0       0
543	2	0	31	9	32	117.562	202.062	16	28	0       0
544	2	0	32	9	33	160.438	195.938	23	27	0       0
545	2	0	33	9	37	135.938	195.938	19	27	0       0
546	2	0	34	9	35	148.188	195.938	21	27	0       0
547	2	0	35	9	39	123.688	195.938	17	27	0       0
548	2	0	36	9	34	154.312	195.938	22	27	0       0
549	2	0	37	9	38	129.812	195.938	18	27	0       0
550	2	0	38	9	36	142.062	195.938	20	27	0       0
551	2	0	39	9	40	117.562	195.938	16	27	0       0
552	2	0	40	9	41	160.438	189.812	23	26	0       0
553	2	0	41	9	45	135.938	189.812	19	26	0       0
554	2	0	42	9	43	148.188	189.812	21	26	0       0
555	2	0	43	9	47	123.688	189.812	17	26	0       0
556	2	0	44	9	42	154.312	189.812	22	26	0       0
557	2	0	45	9	46	129.812	189.812	18	26	0       0
558	2	0	46	9	44	142.062	189.812	20	26	0       0
559	2	0	47	9	48	117.562	189.812	16	26	0       0
560	2	0	48	9	49	160.438	183.688	23	25	0       0
561	2	0	49	9	53	135.938	183.688	19	25	0       0
562	2	0	50	9	51	148.188	183.688	21	25	0       0
563	2	0	51	9	55	123.688	183.688	17	25	0       0
564	2	0	52	9	50	154.312	183.688	22	25	0       0
565	2	0	53	9	54	129.812	183.688	18	25	0       0
566	2	0	54	9	52	142.062	183.688	20	25	0       0
567	2	0	55	9	56	117.562	183.688	16	25	0       0
568	2	0	56	9	57	160.438	177.562	23	24	0       0
569	2	0	57	9	61	135.938	177.562	19	24	0       0
570	2	0	58	9	59	148.188	177.562	21	24	0       0
571	2	0	59	9	63	123.688	177.562	17	24	0       0
572	2	0	60	9	58	154.312	177.562	22	24	0       0
573	2	0	61	9	62	129.812	177.562	18	24	0       0
574	2	0	62	9	60	142.062	177.562	20	24	0       0
575	2	0	63	9	64	117.562	177.562	16	24	0       0
576	2	0	64	10	1	160.438	166.438	23	23	0       0
577	2	0	65	10	5	135.938	166.438	19	23	0       0
578	2	0	66	10	3	148.188	166.438	21	23	0       0
579	2	0	67	10	7	123.688	166.438	17	23	0       0
580	2	0	68	10	2	154.312	166.438	22	23	0       0
581	2	0	69	10	6	129.812	166.438	18	23	0       0
582	2	0	70	10	4	142.062	166.438	20	23	0       0
583	2	0	71	10	8	117.562	166.438	16	23	0       0
584	2	0	72	10	9	160.438	160.312	23	22	0       0
585	2	0	73	10	13	135.938	160.312	19	22	0       0
586	2	0	74	10	11	148.188	160.312	21	22	0       0
587	2	0	75	10	15	123.688	160.312	17	22	0       0
588	2	0	76	10	10	154.312	160.312	22	22	0       0
589	2	0	77	10	14	129.812	160.312	18	22	0       0
590	2	0	78	10	12	142.062	160.312	20	22	0       0
591	2	0	79	10	16	117.562	160.312	16	22	0       0
592	2	0	80	10	17	160.438	154.188	23	21	0       0
593	2	0	81	10	21	135.938	154.188	19	21	0       0
594	2	0	82	10	19	148.188	154.188	21	21	0       0
595	2	0	83	10	23	123.688	154.188	17	21	0       0
596	2	0	84	10	18	154.312	154.188	22	21	0       0
597	2	0	85	10	22	129.812	154.188	18	21	0       0
598	2	0	86	10	20	142.062	154.188	20	21	0       0
599	2	0	87	10	24	117.562	154.188	16	21	0       0
600	2	0	88	10	25	160.438	148.062	23	20	0       0
601	2	0	89	10	29	135.938	148.062	19	20	0       0
602	2	0	90	10	27	148.188	148.062	21	20	0       0
603	2	0	91	10	31	123.688	148.062	17	20	0       0
604	2	0	92	10	26	154.312	148.062	22	20	0       0
605	2	0	93	10	30	129.812	148.062	18	20	0       0
606	2	0	94	10	28	142.062	148.062	20	20	0       0
607	2	0	95	10	32	117.562	148.062	16	20	0       0
608	2	0	96	10	33	160.438	141.938	23	19	0       0
609	2	0	97	10	37	135.938	141.938	19	19	0       0
610	2	0	98	10	35	148.188	141.938	21	19	0       0
611	2	0	99	10	39	123.688	141.938	17	19	0       0
612	2	0	100	10	34	154.312	141.938	22	19	0       0
613	2	0	101	10	38	129.812	141.938	18	19	0       0
614	2	0	102	10	36	142.062	141.938	20	19	0       0
615	2	0	103	10	40	117.562	141.938	16	19	0       0
616	2	0	104	10	41	160.438	135.812	23	18	0       0
617	2	0	105	10	45	135.938	135.812	19	18	0       0
618	2	0	106	10	43	148.188	135.812	21	18	0       0
619	2	0	107	10	47	123.688	135.812	17	18	0       0
620	2	0	108	10	42	154.312	135.812	22	18	0       0
621	2	0	109	10	46	129.812	135.812	18	18	0       0
622	2	0	110	10	44	142.062	135.812	20	18	0       0
623	2	0	111	10	48	117.562	135.812	16	18	0       0
624	2	0	112	10	49	160.438	129.688	23	17	0       0
625	2	0	113	10	53	135.938	129.688	19	17	0       0
626	2	0	114	10	51	148.188	129.688	21	17	0       0
627	2	0	115	10	55	123.688	129.688	17	17	0       0
628	2	0	116	10	50	154.312	129.688	22	17	0       0
629	2	0	117	10	54	129.812	129.688	18	17	0       0
630	2	0	118	10	52	142.062	129.688	20	17	0       0
631	2	0	119	10	56	117.562	129.688	16	17	0       0
632	2	0	120	10	57	160.438	123.562	23	16	0       0
633	2	0	121	10	61	135.938	123.562	19	16	0       0
634	2	0	122	10	59	148.188	123.562	21	16	0       0
635	2	0	123	10	63	123.688	123.562	17	16	0       0
636	2	0	124	10	58	154.312	123.562	22	16	0       0
637	2	0	125	10	62	129.812	123.562	18	16	0       0
638	2	0	126	10	60	142.062	123.562	20	16	0       0
639	2	0	127	10	64	117.562	123.562	16	16	0       0
640	2	2	0	11	1	160.438	112.438	23	15	6       0
641	2	2	1	11	5	135.938	112.438	19	15	6       0
642	2	2	2	11	3	148.188	112.438	21	15	6       0
643	2	2	3	11	7	123.688	112.438	17	15	6       0
644	2	2	4	11	2	154.312	112.438	22	15	6       0
645	2	2	5	11	6	129.812	112.438	18	15	6       0
646	2	2	6	11	4	142.062	112.438	20	15	6       0
647	2	2	7	11	8	117.562	112.438	16	15	6       0
648	2	2	8	11	9	160.438	106.312	23	14	6       0
649	2	2	9	11	13	135.938	106.312	19	14	6       0
650	2	2	10	11	11	148.188	106.312	21	14	6       0
651	2	2	11	11	15	123.688	106.312	17	14	6       0
652	2	2	12	11	10	154.312	106.312	22	14	6       0
653	2	2	13	11	14	129.812	106.312	18	14	6       0
654	2	2	14	11	12	142.062	106.312	20	14	6       0
655	2	2	15	11	16	117.562	106.312	16	14	6       0
656	2	2	16	11	17	160.438	100.188	23	13	6       0
657	2	2	17	11	21	135.938	100.188	19	13	6       0
658	2	2	18	11	19	148.188	100.188	21	13	6       0
659	2	2	19	11	23	123.688	100.188	17	13	6       0
660	2	2	20	11	18	154.312	100.188	22	13	6       0
661	2	2	21	11	22	129.812	100.188	18	13	6       0
662	2	2	22	11	20	142.062	100.188	20	13	6       0
663	2	2	23	11	24	117.562	100.188	16	13	6       0
664	2	2	24	11	25	160.438	94.0625	23	12	6       0
665	2	2	25	11	29	135.938	94.0625	19	12	6       0
666	2	2	26	11	27	148.188	94.0625	21	12	6       0
667	2	2	27	11	31	123.688	94.0625	17	12	6       0
668	2	2	28	11	26	154.312	94.0625	22	12	6       0
669	2	2	29	11	30	129.812	94.0625	18	12	6       0
670	2	2	30	11	28	142.062	94.0625	20	12	6       0
671	2	2	31	11	32	117.562	94.0625	16	12	6       0
672	2	2	32	11	33	160.438	87.9375	23	11	6       0
673	2	2	33	11	37	135.938	87.9375	19	11	6       0
674	2	2	34	11	35	148.188	87.9375	21	11	6       0
675	2	2	35	11	39	123.688	87.9375	17	11	6       0
676	2	2	36	11	34	154.312	87.9375	22	11	6       0
677	2	2	37	11	38	129.812	87.9375	18	11	6       0
678	2	2	38	11	36	142.062	87.9375	20	11	6       0
679	2	2	39	11	40	117.562	87.9375	16	11	6       0
680	2	2	40	11	41	160.438	81.8125	23	10	6       0
681	2	2	41	11	45	135.938	81.8125	19	10	6       0
682	2	2	42	11	43	148.188	81.8125	21	10	6       0
683	2	2	43	11	47	123.688	81.8125	17	10	6       0
684	2	2	44	11	42	154.312	81.8125	22	10	6       0
685	2	2	45	11	46	129.812	81.8125	18	10	6       0
686	2	2	46	11	44	142.062	81.8125	20	10	6       0
687	2	2	47	11	48	117.562	81.8125	16	10	6       0
688	2	2	48	11	49	160.438	75.6875	23	9	6       0
689	2	2	49	11	53	135.938	75.6875	19	9	6       0
690	2	2	50	11	51	148.188	75.6875	21	9	6       0
691	2	2	51	11	55	123.688	75.6875	17	9	6       0
692	2	2	52	11	50	154.312	75.6875	22	9	6       0
693	2	2	53	11	54	129.812	75.6875	18	9	6       0
694	2	2	54	11	52	142.062	75.6875	20	9	6       0
695	2	2	55	11	56	117.562	75.6875	16	9	6       0
696	2	2	56	11	57	160.438	69.5625	23	8	6       0
697	2	2	57	11	61	135.938	69.5625	19	8	6       0
698	2	2	58	11	59	148.188	69.5625	21	8	6       0
699	2	2	59	11	63	123.688	69.5625	17	8	6       0
700	2	2	60	11	58	154.312	69.5625	22	8	6       0
701	2	2	61	11	62	129.812	69.5625	18	8	6       0
702	2	2	62	11	60	142.062	69.5625	20	8	6       0
703	2	2	63	11	64	117.562	69.5625	16	8	6       0
704	2	2	64	12	1	160.438	58.4375	23	7	2       0
705	2	2	65	12	5	135.938	58.4375	19	7	2       0
706	2	2	66	12	3	148.188	58.4375	21	7	2       0
707	2	2	67	12	7	123.688	58.4375	17	7	2       0
708	2	2	68	12	2	154.312	58.4375	22	7	2       0
709	2	2	69	12	6	129.812	58.4375	18	7	2       0
710	2	2	70	12	4	142.062	58.4375	20	7	2       0
711	2	2	71	12	8	117.562	58.4375	16	7	2       0
712	2	2	72	12	9	160.438	52.3125	23	6	2       0
713	2	2	73	12	13	135.938	52.3125	19	6	2       0
714	2	2	74	12	11	148.188	52.3125	21	6	2       0
715	2	2	75	12	15	123.688	52.3125	17	6	2       0
716	2	2	76	12	10	154.312	52.3125	22	6	2       0
717	2	2	77	12	14	129.812	52.3125	18	6	2       0
718	2	2	78	12	12	142.062	52.3125	20	6	2       0
719	2	2	79	12	16	117.562	52.3125	16	6	2       0
720	2	2	80	12	17	160.438	46.1875	23	5	2       0
721	2	2	81	12	21	135.938	46.1875	19	5	2       0
722	2	2	82	12	19	148.188	46.1875	21	5	2       0
723	2	2	83	12	23	123.688	46.1875	17	5	2       0
724	2	2	84	12	18	154.312	46.1875	22	5	2       0
725	2	2	85	12	22	129.812	46.1875	18	5	2       0
726	2	2	86	12	20	142.062	46.1875	20	5	2       0
727	2	2	87	12	24	117.562	46.1875	16	5	2       0
728	2	2	88	12	25	160.438	40.0625	23	4	2       0
729	2	2	89	12	29	135.938	40.0625	19	4	2       0
730	2	2	90	12	27	148.188	40.0625	21	4	2       0
731	2	2	91	12	31	123.688	40.0625	17	4	2       0
732	2	2	92	12	26	154.312	40.0625	22	4	2       0
733	2	2	93	12	30	129.812	40.0625	18	4	2       0
734	2	2	94	12	28	142.062	40.0625	20	4	2       0
735	2	2	95	12	32	117.562	40.0625	16	4	2       0
736	2	2	96	12	33	160.438	33.9375	23	3	2       0
737	2	2	97	12	37	135.938	33.9375	19	3	2       0
738	2	2	98	12	35	148.188	33.9375	21	3	2       0
739	2	2	99	12	39	123.688	33.9375	17	3	2       0
740	2	2	100	12	34	154.312	33.9375	22	3	2       0
741	2	2	101	12	38	129.812	33.9375	18	3	2       0
742	2	2	102	12	36	142.062	33.9375	20	3	2       0
743	2	2	103	12	40	117.562	33.9375	16	3	2       0
744	2	2	104	12	41	160.438	27.8125	23	2	2       0
745	2	2	105	12	45	135.938	27.8125	19	2	2       0
746	2	2	106	12	43	148.188	27.8125	21	2	2       0
747	2	2	107	12	47	123.688	27.8125	17	2	2       0
748	2	2	108	12	42	154.312	27.8125	22	2	2       0
749	2	2	109	12	46	129.812	27.8125	18	2	2       0
750	2	2	110	12	44	142.062	27.8125	20	2	2       0
751	2	2	111	12	48	117.562	27.8125	16	2	2       0
752	2	2	112	12	49	160.438	21.6875	23	1	2       0
753	2	2	113	12	53	135.938	21.6875	19	1	2       0
754	2	2	114	12	51	148.188	21.6875	21	1	2       0
755	2	2	115	12	55	123.688	21.6875	17	1	2       0
756	2	2	116	12	50	154.312	21.6875	22	1	2       0
757	2	2	117	12	54	129.812	21.6875	18	1	2       0
758	2	2	118	12	52	142.062	21.6875	20	1	2       0
759	2	2	119	12	56	117.562	21.6875	16	1	2       0
760	2	2	120	12	57	160.438	15.5625	23	0	2       0
761	2	2	121	12	61	135.938	15.5625	19	0	2       0
762	2	2	122	12	59	148.188	15.5625	21	0	2       0
763	2	2	123	12	63	123.688	15.5625	17	0	2       0
764	2	2	124	12	58	154.312	15.5625	22	0	2       0
765	2	2	125	12	62	129.812	15.5625	18	0	2       0
766	2	2	126	12	60	142.062	15.5625	20	0	2       0
767	2	2	127	12	64	117.562	15.5625	16	0	2       0
768	3	2	0	13	1	219.688	117.188	31	15	0       0  
769	3	2	1	13	5	193.188	117.188	27	15	0       0 
770	3	2	2	13	2	206.438	117.188	30	15	0       0 
771	3	2	3	13	6	179.938	117.188	26	15	0       0 
772	3	2	4	13	3	213.062	117.188	29	15	0       0 
773	3	2	5	13	7	186.562	117.188	25	15	0       0 
774	3	2	6	13	4	199.812	117.188	28	15	0       0 
775	3	2	7	13	8	173.312	117.188	24	15	0       0 
776	3	2	8	13	9	219.688	110.562	31	14	0       0 
777	3	2	9	13	13	193.188	110.562	27	14	0       0 
778	3	2	10	13	10	206.438	110.562	30	14	0       0 
779	3	2	11	13	14	179.938	110.562	26	14	0       0
780	3	2	12	13	11	213.062	110.562	29	14	0       0
781	3	2	13	13	15	186.562	110.562	25	14	0       0
782	3	2	14	13	12	199.812	110.562	28	14	0       0
783	3	2	15	13	16	173.312	110.562	24	14	0       0
784	3	2	16	13	17	219.688	103.938	31	13	0       0
785	3	2	17	13	21	193.188	103.938	27	13	0       0
786	3	2	18	13	18	206.438	103.938	30	13 	0       0
787	3	2	19	13	22	179.938	103.938	26	13	0       0
788	3	2	20	13	19	213.062	103.938	29	13	0       0
789	3	2	21	13	23	186.562	103.938	25	13	0       0
790	3	2	22	13	20	199.812	103.938	28	13	0       0
791	3	2	23	13	24	173.312	103.938	24	13	0       0
792	3	2	24	13	25	219.688	97.3125	31	12	0       0
793	3	2	25	13	29	193.188	97.3125	27	12	0       0
794	3	2	26	13	26	206.438	97.3125	30	12	0       0
795	3	2	27	13	30	179.938	97.3125	26	12	0       0
796	3	2	28	13	27	213.062	97.3125	29	12	0       0
797	3	2	29	13	31	186.562	97.3125	25	12	0       0
798	3	2	30	13	28	199.812	97.3125	28	12	0       0
799	3	2	31	13	32	173.312	97.3125	24	12	0       0
800	3	2	32	13	33	219.688	90.6875	31	11	0       0
801	3	2	33	13	37	193.188	90.6875	27	11	0       0
802	3	2	34	13	34	206.438	90.6875	30	11	0       0
803	3	2	35	13	38	179.938	90.6875	26	11	0       0
804	3	2	36	13	35	213.062	90.6875	29	11	0       0
805	3	2	37	13	39	186.562	90.6875	25	11	0       0
806	3	2	38	13	36	199.812	90.6875	28	11	0       0
807	3	2	39	13	40	173.312	90.6875	24	11	0       0
808	3	2	40	13	41	219.688	84.0625	31	10	0       0
809	3	2	41	13	45	193.188	84.0625	27	10	0       0
810	3	2	42	13	42	206.438	84.0625	30	10	0       0
811	3	2	43	13	46	179.938	84.0625	26	10	0       0
812	3	2	44	13	43	213.062	84.0625	29	10	0       0
813	3	2	45	13	47	186.562	84.0625	25	10	0       0
814	3	2	46	13	44	199.812	84.0625	28	10	0       0
815	3	2	47	13	48	173.312	84.0625	24	10	0       0
816	3	2	48	13	49	219.688	77.4375	31	9	0       0
817	3	2	49	13	53	193.188	77.4375	27	9	0       0
818	3	2	50	13	50	206.438	77.4375	30	9	0       0
819	3	2	51	13	54	179.938	77.4375	26	9	0       0
820	3	2	52	13	51	213.062	77.4375	29	9	0       0
821	3	2	53	13	55	186.562	77.4375	25	9	0       0
822	3	2	54	13	52	199.812	77.4375	28	9	0	0
823	3	2	55	13	56	173.312	77.4375	24	9	0       0
824	3	2	56	13	57	219.688	70.8125	31	8	0       0
825	3	2	57	13	61	193.188	70.8125	27	8	0       0
826	3	2	58	13	58	206.438	70.8125	30	8	0       0
827	3	2	59	13	62	179.938	70.8125	26	8	0       0
828	3	2	60	13	59	213.062	70.8125	29	8	0       0
829	3	2	61	13	63	186.562	70.8125	25	8	0       0
830	3	2	62	13	60	199.812	70.8125	28	8	0       0
831	3	2	63	13	64	173.312	70.8125	24	8	0       0
832	3	2	64	14	1	219.688	57.1875	31	7	0       0
833	3	2	65	14	5	193.188	57.1875	27	7	0       0
834	3	2	66	14	2	206.438	57.1875	30	7	0       0
835	3	2	67	14	6	179.938	57.1875	26	7	0       0
836	3	2	68	14	3	213.062	57.1875	29	7	0       0
837	3	2	69	14	7	186.562	57.1875	25	7	0       0
838	3	2	70	14	4	199.812	57.1875	28	7	0       0
839	3	2	71	14	8	173.312	57.1875	24	7	0       0
840	3	2	72	14	9	219.688	50.5625	31	6	0       0
841	3	2	73	14	13	193.188	50.5625	27	6	0       0
842	3	2	74	14	10	206.438	50.5625	30	6	0       0
843	3	2	75	14	14	179.938	50.5625	26	6	0       0
844	3	2	76	14	11	213.062	50.5625	29	6	0       0
845	3	2	77	14	15	186.562	50.5625	25	6	0       0
846	3	2	78	14	12	199.812	50.5625	28	6	0       0
847	3	2	79	14	16	173.312	50.5625	24	6	0       0
848	3	2	80	14	17	219.688	43.9375	31	5	0       0
849	3	2	81	14	21	193.188	43.9375	27	5	0       0
850	3	2	82	14	18	206.438	43.9375	30	5	0       0
851	3	2	83	14	22	179.938	43.9375	26	5	0       0
852	3	2	84	14	19	213.062	43.9375	29	5	0       0
853	3	2	85	14	23	186.562	43.9375	25	5	0       0
854	3	2	86	14	20	199.812	43.9375	28	5	0       0
855	3	2	87	14	24	173.312	43.9375	24	5	0       0
856	3	2	88	14	25	219.688	37.3125	31	4	0       0
857	3	2	89	14	29	193.188	37.3125	27	4	0       0
858	3	2	90	14	26	206.438	37.3125	30	4	0       0
859	3	2	91	14	30	179.938	37.3125	26	4	0       0
860	3	2	92	14	27	213.062	37.3125	29	4	0       0
861	3	2	93	14	31	186.562	37.3125	25	4	0       0
862	3	2	94	14	28	199.812	37.3125	28	4	0       0
863	3	2	95	14	32	173.312	37.3125	24	4	0       0
864	3	2	96	14	33	219.688	30.6875	31	3	0       0
865	3	2	97	14	37	193.188	30.6875	27	3	0       0
866	3	2	98	14	34	206.438	30.6875	30	3	0       0
867	3	2	99	14	38	179.938	30.6875	26	3	0       0
868	3	2	100	14	35	213.062	30.6875	29	3	0       0
869	3	2	101	14	39	186.562	30.6875	25	3	0       0
870	3	2	102	14	36	199.812	30.6875	28	3	0       0
871	3	2	103	14	40	173.312	30.6875	24	3	0       0
872	3	2	104	14	41	219.688	24.0625	31	2	0       0
873	3	2	105	14	45	193.188	24.0625	27	2	0       0
874	3	2	106	14	42	206.438	24.0625	30	2	0       0
875	3	2	107	14	46	179.938	24.0625	26	2	0       0
876	3	2	108	14	43	213.062	24.0625	29	2	0       0
877	3	2	109	14	47	186.562	24.0625	25	2	0       0
878	3	2	110	14	44	199.812	24.0625	28	2	0       0
879	3	2	111	14	48	173.312	24.0625	24	2	0       0
880	3	2	112	14	49	219.688	17.4375	31	1	0       0
881	3	2	113	14	53	193.188	17.4375	27	1	0       0
882	3	2	114	14	50	206.438	17.4375	30	1	0       0
883	3	2	115	14	54	179.938	17.4375	26	1	0       0
884	3	2	116	14	51	213.062	17.4375	29	1	0       0
885	3	2	117	14	55	186.562	17.4375	25	1	0       0
886	3	2	118	14	52	199.812	17.4375	28	1	0       0
887	3	2	119	14	56	173.312	17.4375	24	1	0       0
888	3	2	120	14	57	219.688	10.8125	31	0	0       0
889	3	2	121	14	61	193.188	10.8125	27	0	0       0
890	3	2	122	14	58	206.438	10.8125	30	0	0       0
891	3	2	123	14	62	179.938	10.8125	26	0	0       0
892	3	2	124	14	59	213.062	10.8125	29	0	0       0
893	3	2	125	14	63	186.562	10.8125	25	0	0       0
894	3	2	126	14	60	199.812	10.8125	28	0	0       0
895	3	2	127	14	64	173.312	10.8125	24	0	0       0
896	4	2	0	15	1	279.688	117.188	39	15	0       0
897	4	2	1	15	5	253.188	117.188	35	15	0       0
898	4	2	2	15	2	266.438	117.188	38	15	0       0
899	4	2	3	15	6	239.938	117.188	34	15	0       0
900	4	2	4	15	3	273.062	117.188	37	15	0       0
901	4	2	5	15	7	246.562	117.188	33	15	0       0
902	4	2	6	15	4	259.812	117.188	36	15	0       0
903	4	2	7	15	8	233.312	117.188	32	15	0       0
904	4	2	8	15	9	279.688	110.562	39	14	0       0
905	4	2	9	15	13	253.188	110.562	35	14	0       0
906	4	2	10	15	10	266.438	110.562	38	14	0       0
907	4	2	11	15	14	239.938	110.562	34	14	0       0
908	4	2	12	15	11	273.062	110.562	37	14	0       0
909	4	2	13	15	15	246.562	110.562	33	14	0       0
910	4	2	14	15	12	259.812	110.562	36	14	0       0
911	4	2	15	15	16	233.312	110.562	32	14	0       0
912	4	2	16	15	17	279.688	103.938	39	13	0       0
913	4	2	17	15	21	253.188	103.938	35	13	0       0
914	4	2	18	15	18	266.438	103.938	38	13	0       0
915	4	2	19	15	22	239.938	103.938	34	13	0       0
916	4	2	20	15	19	273.062	103.938	37	13	0       0
917	4	2	21	15	23	246.562	103.938	33	13	0       0
918	4	2	22	15	20	259.812	103.938	36	13	0       0
919	4	2	23	15	24	233.312	103.938	32	13	0       0
920	4	2	24	15	25	279.688	97.3125	39	12	0       0
921	4	2	25	15	29	253.188	97.3125	35	12	0       0
922	4	2	26	15	26	266.438	97.3125	38	12	0       0
923	4	2	27	15	30	239.938	97.3125	34	12	0       0
924	4	2	28	15	27	273.062	97.3125	37	12	0       0
925	4	2	29	15	31	246.562	97.3125	33	12	0       0
926	4	2	30	15	28	259.812	97.3125	36	12	0       0
927	4	2	31	15	32	233.312	97.3125	32	12	0       0
928	4	2	32	15	33	279.688	90.6875	39	11	0       0
929	4	2	33	15	37	253.188	90.6875	35	11	0       0
930	4	2	34	15	34	266.438	90.6875	38	11	0       0
931	4	2	35	15	38	239.938	90.6875	34	11	0       0
932	4	2	36	15	35	273.062	90.6875	37	11	0       0
933	4	2	37	15	39	246.562	90.6875	33	11	0       0
934	4	2	38	15	36	259.812	90.6875	36	11	0       0
935	4	2	39	15	40	233.312	90.6875	32	11	0       0
936	4	2	40	15	41	279.688	84.0625	39	10	0       0
937	4	2	41	15	45	253.188	84.0625	35	10	0       0
938	4	2	42	15	42	266.438	84.0625	38	10	0       0
939	4	2	43	15	46	239.938	84.0625	34	10	0       0
940	4	2	44	15	43	273.062	84.0625	37	10	0       0
941	4	2	45	15	47	246.562	84.0625	33	10	0       0
942	4	2	46	15	44	259.812	84.0625	36	10	0       0
943	4	2	47	15	48	233.312	84.0625	32	10	0       0
944	4	2	48	15	49	279.688	77.4375	39	9	0       0
945	4	2	49	15	53	253.188	77.4375	35	9	0       0
946	4	2	50	15	50	266.438	77.4375	38	9	0       0
947	4	2	51	15	54	239.938	77.4375	34	9	0       0
948	4	2	52	15	51	273.062	77.4375	37	9	0       0
949	4	2	53	15	55	246.562	77.4375	33	9	0       0
950	4	2	54	15	52	259.812	77.4375	36	9	0       0
951	4	2	55	15	56	233.312	77.4375	32	9	0       0
952	4	2	56	15	57	279.688	70.8125	39	8	0       0
953	4	2	57	15	61	253.188	70.8125	35	8	0       0
954	4	2	58	15	58	266.438	70.8125	38	8	0       0
955	4	2	59	15	62	239.938	70.8125	34	8	0       0
956	4	2	60	15	59	273.062	70.8125	37	8	0       0
957	4	2	61	15	63	246.562	70.8125	33	8	0       0
958	4	2	62	15	60	259.812	70.8125	36	8	0       0
959	4	2	63	15	64	233.312	70.8125	32	8	0       0
960	4	2	64	16	1	279.688	57.1875	39	7	0       0
961	4	2	65	16	5	253.188	57.1875	35	7	0       0
962	4	2	66	16	2	266.438	57.1875	38	7	0       0
963	4	2	67	16	6	239.938	57.1875	34	7	0       0
964	4	2	68	16	3	273.062	57.1875	37	7	0       0
965	4	2	69	16	7	246.562	57.1875	33	7	0       0
966	4	2	70	16	4	259.812	57.1875	36	7	0       0
967	4	2	71	16	8	233.312	57.1875	32	7	0       0
968	4	2	72	16	9	279.688	50.5625	39	6	0       0
969	4	2	73	16	13	253.188	50.5625	35	6	0       0
970	4	2	74	16	10	266.438	50.5625	38	6	0       0
971	4	2	75	16	14	239.938	50.5625	34	6	0       0
972	4	2	76	16	11	273.062	50.5625	37	6	0       0
973	4	2	77	16	15	246.562	50.5625	33	6	0       0
974	4	2	78	16	12	259.812	50.5625	36	6	0       0
975	4	2	79	16	16	233.312	50.5625	32	6	0       0
976	4	2	80	16	17	279.688	43.9375	39	5	0       0
977	4	2	81	16	21	253.188	43.9375	35	5	0       0
978	4	2	82	16	18	266.438	43.9375	38	5	0       0
979	4	2	83	16	22	239.938	43.9375	34	5	0       0
980	4	2	84	16	19	273.062	43.9375	37	5	0       0
981	4	2	85	16	23	246.562	43.9375	33	5	0       0
982	4	2	86	16	20	259.812	43.9375	36	5	0       0
983	4	2	87	16	24	233.312	43.9375	32	5	0       0
984	4	2	88	16	25	279.688	37.3125	39	4	0       0
985	4	2	89	16	29	253.188	37.3125	35	4	0       0
986	4	2	90	16	26	266.438	37.3125	38	4	0       0
987	4	2	91	16	30	239.938	37.3125	34	4	0       0
988	4	2	92	16	27	273.062	37.3125	37	4	0       0
989	4	2	93	16	31	246.562	37.3125	33	4	0       0
990	4	2	94	16	28	259.812	37.3125	36	4	0       0
991	4	2	95	16	32	233.312	37.3125	32	4	0       0
992	4	2	96	16	33	279.688	30.6875	39	3	0       0
993	4	2	97	16	37	253.188	30.6875	35	3	0       0
994	4	2	98	16	34	266.438	30.6875	38	3	0       0
995	4	2	99	16	38	239.938	30.6875	34	3	0       0
996	4	2	100	16	35	273.062	30.6875	37	3	0       0
997	4	2	101	16	39	246.562	30.6875	33	3	0       0
998	4	2	102	16	36	259.812	30.6875	36	3	0       0
999	4	2	103	16	40	233.312	30.6875	32	3	0       0
1000	4	2	104	16	41	279.688	24.0625	39	2	0       0
1001	4	2	105	16	45	253.188	24.0625	35	2	0       0
1002	4	2	106	16	42	266.438	24.0625	38	2	0       0
1003	4	2	107	16	46	239.938	24.0625	34	2	0       0
1004	4	2	108	16	43	273.062	24.0625	37	2	0       0
1005	4	2	109	16	47	246.562	24.0625	33	2	0       0
1006	4	2	110	16	44	259.812	24.0625	36	2	0       0
1007	4	2	111	16	48	233.312	24.0625	32	2	0       0
1008	4	2	112	16	49	279.688	17.4375	39	1	0       0
1009	4	2	113	16	53	253.188	17.4375	35	1	0       0
1010	4	2	114	16	50	266.438	17.4375	38	1	0       0
1011	4	2	115	16	54	239.938	17.4375	34	1	0       0
1012	4	2	116	16	51	273.062	17.4375	37	1	0       0
1013	4	2	117	16	55	246.562	17.4375	33	1	0       0
1014	4	2	118	16	52	259.812	17.4375	36	1	0       0
1015	4	2	119	16	56	233.312	17.4375	32	1	0       0
1016	4	2	120	16	57	279.688	10.8125	39	0	0       0
1017	4	2	121	16	61	253.188	10.8125	35	0	0       0
1018	4	2	122	16	58	266.438	10.8125	38	0	0       0
1019	4	2	123	16	62	239.938	10.8125	34	0	0       0
1020	4	2	124	16	59	273.062	10.8125	37	0	0       0
1021	4	2	125	16	63	246.562	10.8125	33	0	0       0
1022	4	2	126	16	60	259.812	10.8125	36	0	0       0
1023	4	2	127	16	64	233.312	10.8125	32	0	0       0
1024	3	0	16	17	1	235.312	240.912	30 	31	0	0
1025	3	0	18	17	2	229.438	240.912	32	31	0	0
1026	3	0	0	17	3	223.562	240.912	31	31	0	0
1027	3	0	2	17	4	217.688	240.912	30	31  	0	0
1028	3	0	20	17	5	235.312	235.037	33	30	0	0
1029	3	0	22	17	6	229.438	235.037	32	30	0	0
1030	3	0	4	17	7	223.562	235.037	31	30	0	0
1031	3	0	6	17	8	217.688	235.037	30	30	0	0
1032	3	0	24	17	9	235.312	229.162	33	29	0	0
1033	3	0	26	17	10	229.438	229.162	32	29	0	0
1034	3	0	8	17	11	223.562	229.162	31	29	0	0
1035	3	0	10	17	12	217.688	229.162	30	29	0	0
1036	3	0	28	17	13	235.312	223.287	33	28	0	0
1037	3	0	30	17	14	229.438	223.287	32	28	0	0
1038	3	0	12	17	15	223.562	223.287	31	28	0	0
1039	3	0	14	17	16	217.688	223.287	30	28	0	0
1040	3	0	1	18	1	193.902	231.06	27	30	0	0
1041	3	0	3	18	2	189.748	226.906	26	29	0	0
1042	3	0	17	18	3	185.594	222.752	25	28	0	0
1043	3	0	19	18	4	181.44	218.598	24	27	0	0
1044	3	0	5	18	5	198.057	226.906	28	30	0	0
1045	3	0	7	18	6	193.902	222.752	27	29	0	0
1046	3	0	21	18	7	189.748	218.598	26	28	0	0
1047	3	0	23	18	8	185.594	214.443	25	27	0	0
1048	3	0	9	18	9	202.211	222.752	28	29	0	0
1049	3	0	11	18	10	198.057	218.598	27	28	0	0
1050	3	0	25	18	11	193.902	214.443	26	27	0	0
1051	3	0	27	18	12	189.748	210.289	25	26	0	0
1052	3	0	13	18	13	206.365	218.598	29	29	0	0
1053	3	0	15	18	14	202.211	214.443	28	28	0	0
1054	3	0	29	18	15	198.057	210.289	27	27	0	0
1055	3	0	31	18	16	193.902	206.135	26	26	0	0
1056	3	0	33	19	1	171.588	194.812	24	25	0	0
1057	3	0	35	19	2	171.588	188.938	24	24	0	0
1058	3	0	49	19	3	171.588	183.062	24	23	0	0
1059	3	0	51	19	4	171.588	177.188	24	22	0	0
1060	3	0	37	19	5	177.463	194.812	25	25	0	0
1061	3	0	39	19	6	177.463	188.938	25	24	0	0
1062	3	0	53	19	7	177.463	183.062	25	23	0	0
1063	3	0	55	19	8	177.463	177.188	25	22	0	0
1064	3	0	41	19	9	183.338	194.812	26	25	0	0
1065	3	0	43	19	10	183.338	188.938	26	24	0	0
1066	3	0	57	19	11	183.338	183.062	26	23	0	0
1067	3	0	59	19	12	183.338	177.188	26	22	0	0
1068	3	0	45	19	13	189.213	194.812	27	25	0	0
1069	3	0	47	19	14	189.213	188.938	27	24	0	0
1070	3	0	61	19	15	189.213	183.062	27	23	0	0
1071	3	0	63	19	16	189.213	177.188	27	22	0	0
1072	3	0	79	20	1	181.44	153.402	25	19	0	0
1073	3	0	77	20	2	185.594	149.248	26	18	0	0
1074	3	0	78	20	3	189.748	145.094	27	17	0	0
1075	3	0	76	20	4	193.902	140.94	28	16	0	0
1076	3	0	75	20	5	185.594	157.557	25	20	0	0
1077	3	0	73	20	6	189.748	153.402	26	19	0	0
1078	3	0	74	20	7	193.902	149.248	27	18	0	0
1079	3	0	72	20	8	198.057	145.094	28	17	0	0
1080	3	0	71	20	9	189.748	161.711	26	20	0	0
1081	3	0	69	20	10	193.902	157.557	27	19	0	0
1082	3	0	70	20	11	198.057	153.402	28	18	0	0
1083	3	0	68	20	12	202.211	149.248	29	17	0	0
1084	3	0	67	20	13	193.902	165.865	26	21	0	0
1085	3	0	65	20	14	198.057	161.711	27	20	0	0
1086	3	0	66	20	15	202.211	157.557	28	19	0	0
1087	3	0	64	20	16	206.365	153.402	29	18	0	0
1088	4	0	111	21	1	217.688	131.088	30	16	0	0
1089	4	0	109	21	2	223.562	131.088	31	16 	0	0
1090	4	0	127	21	3	229.438	131.088	32	16	0	0
1091	4	0	125	21	4	235.312	131.088	33	16	0	0
1092	4	0	107	21	5	217.688	136.963	30	17	0	0
1093	4	0	105	21	6	223.562	136.963	31	17	0	0
1094	4	0	123	21	7	229.438	136.963	32	17	0	0
1095	4	0	121	21	8	235.312	136.963	33	17	0	0
1096	4	0	103	21	9	217.688	142.838	30	18	0	0
1097	4	0	101	21	10	223.562	142.838	31	18	0	0
1098	4	0	119	21	11	229.438	142.838	32	18	0	0
1099	4	0	117	21	12	235.312	142.838	33	18	0	0
1100	4	0	99	21	13	217.688	148.713	30	19	0	0
1101	4	0	97	21	14	223.562	148.713	31	19	0	0
1102	4	0	115	21	15	229.438	148.713	32	19	0	0
1103	4	0	113	21	16	235.312	148.713	33	19	0	0
1104	4	0	79	22	1	259.098	140.94	36	17	0	0
1105	4	0	77	22	2	263.252	145.094	37	18	0	0
1106	4	0	78	22	3	267.406	149.248	38	19	0	0
1107	4	0	76	22	4	271.56	153.402	39	20	0	0
1108	4	0	75	22	5	254.943	145.094	35	17	0	0
1109	4	0	73	22	6	259.098	149.248	36	18	0	0
1110	4	0	74	22	7	263.252	153.402	37	19	0	0
1111	4	0	72	22	8	267.406	157.557	38	20	0	0
1112	4	0	71	22	9	250.789	149.248	35	18	0	0
1113	4	0	69	22	10	254.943	153.402	36	19	0	0
1114	4	0	70	22	11	259.098	157.557	37	20	0	0
1115	4	0	68	22	12	263.252	161.711	38	21	0	0
1116	4	0	67	22	13	246.635	153.402	34	18	0	0
1117	4	0	65	22	14	250.789	157.557	35	19	0	0
1118	4	0	66	22	15	254.943	161.711	36	20	0	0
1119	4	0	64	22	16	259.098	165.865	37	21	0	0
1120	4	0	48	23	1	281.413	177.188	39	22	0	0
1121	4	0	50	23	2	281.413	183.062	39	23	0	0
1122	4	0	32	23	3	281.413	188.938	39	24	0	0
1123	4	0	34	23	4	281.413	194.812	39	25	0	0
1124	4	0	52	23	5	275.538	177.188	38	22	0	0
1125	4	0	54	23	6	275.538	183.062	38	23	0	0
1126	4	0	36	23	7	275.538	188.938	38	24	0	0
1127	4	0	38	23	8	275.538	194.812	38	25	0	0
1128	4	0	56	23	9	269.663	177.188	37	22	0	0
1129	4	0	58	23	10	269.663	183.062	37	23	0	0
1130	4	0	40	23	11	269.663	188.938	37	24	0	0
1131	4	0	42	23	12	269.663	194.812	37	25	0	0
1132	4	0	60	23	13	263.788	177.188	36	22	0	0
1133	4	0	62	23	14	263.788	183.062	36	23	0	0
1134	4	0	44	23	15	263.788	188.938	36	24	0	0
1135	4	0	46	23	16	263.788	194.812	36	25	0	0
1136	4	0	0	24	1	271.56	218.598	38	28	0	0
1137	4	0	2	24	2	267.406	222.752	37	29	0	0
1138	4	0	1	24	3	263.252	226.906	36	30	0	0
1139	4	0	3	24	4	259.098	231.06	35	31	0	0
1140	4	0	4	24	5	267.406	214.443	38	27	0	0
1141	4	0	6	24	6	263.252	218.598	37	28	0	0
1142	4	0	5	24	7	259.098	222.752	36	29	0	0
1143	4	0	7	24	8	254.943	226.906	35	30	0	0
1144	4	0	8	24	9	263.252	210.289	37	27	0	0
1145	4	0	10	24	10	259.098	214.443	36	28	0	0
1146	4	0	9	24	11	254.943	218.598	35	29	0	0
1147	4	0	11	24	12	250.789	222.752	34	30	0	0
1148	4	0	12	24	13	259.098	206.135	37	26	0	0
1149	4	0	14	24	14	254.943	210.289	36	27	0	0
1150	4	0	13	24	15	250.789	214.443	35	28	0	0
1151	4	0	15	24	16	246.635	218.598	34	29	0	0 
